Run,Fitness1,Solution1,Fitness2,Solution2
1,136.0,8b496bf96bbcc9e5ac11c068b6cfb00c32f9d163bb8a3d5af107217499de997a,132.0,600b4cdf20cc06a7b5a5cca5f7464296861815519af6d8a14604201b13965ab8
1,132.0,600b4cdf20cc06a7b5a5cca5f7464296861815519af6d8a14604201b13965ab8,131.0,600b4cdf20cc06a7b5a5cca5f7464296861815519af6d8a14604201b13965ab8
1,131.0,600b4cdf20cc06a7b5a5cca5f7464296861815519af6d8a14604201b13965ab8,130.0,6b51d431df5d7f141cbececcf79edf3dd861c3b4069f0b11661a3eefacbba918
1,130.0,6b51d431df5d7f141cbececcf79edf3dd861c3b4069f0b11661a3eefacbba918,127.0,6b51d431df5d7f141cbececcf79edf3dd861c3b4069f0b11661a3eefacbba918
1,127.0,6b51d431df5d7f141cbececcf79edf3dd861c3b4069f0b11661a3eefacbba918,126.0,0f78540965a86402578f8188c826c1cb6c7ddcb608ae3a3201e532c7cacb6ce3
1,126.0,0f78540965a86402578f8188c826c1cb6c7ddcb608ae3a3201e532c7cacb6ce3,125.0,0f78540965a86402578f8188c826c1cb6c7ddcb608ae3a3201e532c7cacb6ce3
1,125.0,0f78540965a86402578f8188c826c1cb6c7ddcb608ae3a3201e532c7cacb6ce3,124.0,d29d53701d3c859e29e1b90028eec1ca8e2f29439198b6e036c60951fb458aa1
1,124.0,d29d53701d3c859e29e1b90028eec1ca8e2f29439198b6e036c60951fb458aa1,123.0,d29d53701d3c859e29e1b90028eec1ca8e2f29439198b6e036c60951fb458aa1
1,123.0,d29d53701d3c859e29e1b90028eec1ca8e2f29439198b6e036c60951fb458aa1,122.0,be47addbcb8f60566a3d7fd5a36f8195798e2848b368195d9a5d20e007c59a0c
1,122.0,be47addbcb8f60566a3d7fd5a36f8195798e2848b368195d9a5d20e007c59a0c,121.0,be47addbcb8f60566a3d7fd5a36f8195798e2848b368195d9a5d20e007c59a0c
1,121.0,be47addbcb8f60566a3d7fd5a36f8195798e2848b368195d9a5d20e007c59a0c,120.0,5ef6fdf32513aa7cd11f72beccf132b9224d33f271471fff402742887a171edf
1,120.0,5ef6fdf32513aa7cd11f72beccf132b9224d33f271471fff402742887a171edf,119.0,5ef6fdf32513aa7cd11f72beccf132b9224d33f271471fff402742887a171edf
1,119.0,5ef6fdf32513aa7cd11f72beccf132b9224d33f271471fff402742887a171edf,118.0,04a8708c3a481ced13845a30de522486895de0592222c29326d9139ec2b9df25
1,118.0,04a8708c3a481ced13845a30de522486895de0592222c29326d9139ec2b9df25,117.0,04a8708c3a481ced13845a30de522486895de0592222c29326d9139ec2b9df25
1,117.0,04a8708c3a481ced13845a30de522486895de0592222c29326d9139ec2b9df25,116.0,08490295488a1189099751ebeddb5992313dd2a831e07a92e66d196ddc261777
1,116.0,08490295488a1189099751ebeddb5992313dd2a831e07a92e66d196ddc261777,115.0,08490295488a1189099751ebeddb5992313dd2a831e07a92e66d196ddc261777
1,115.0,08490295488a1189099751ebeddb5992313dd2a831e07a92e66d196ddc261777,114.0,749fc650cacb0f06547520d53c31505c8156e0a3be07073eddb2ef3ad9e383ba
1,114.0,749fc650cacb0f06547520d53c31505c8156e0a3be07073eddb2ef3ad9e383ba,113.0,749fc650cacb0f06547520d53c31505c8156e0a3be07073eddb2ef3ad9e383ba
1,113.0,749fc650cacb0f06547520d53c31505c8156e0a3be07073eddb2ef3ad9e383ba,112.0,d6a4031733610bb080d0bfa794fcc9dbdcff74834aeaab7c6b927e21e9754037
2,131.0,d6a4031733610bb080d0bfa794fcc9dbdcff74834aeaab7c6b927e21e9754037,130.0,eb1e33e8a81b697b75855af6bfcdbcbf7cbbde9f94962ceaec1ed8af21f5a50f
2,130.0,eb1e33e8a81b697b75855af6bfcdbcbf7cbbde9f94962ceaec1ed8af21f5a50f,129.0,eb1e33e8a81b697b75855af6bfcdbcbf7cbbde9f94962ceaec1ed8af21f5a50f
2,129.0,eb1e33e8a81b697b75855af6bfcdbcbf7cbbde9f94962ceaec1ed8af21f5a50f,128.0,7cb676d57114874e00c536916e6dcad2a5d3cb8c9a5abc06335df359cd9a6ef9
2,128.0,7cb676d57114874e00c536916e6dcad2a5d3cb8c9a5abc06335df359cd9a6ef9,127.0,7cb676d57114874e00c536916e6dcad2a5d3cb8c9a5abc06335df359cd9a6ef9
2,127.0,7cb676d57114874e00c536916e6dcad2a5d3cb8c9a5abc06335df359cd9a6ef9,126.0,db55da3fc3098e9c42311c6013304ff36b19ef73d12ea932054b5ad51df4f49d
2,126.0,db55da3fc3098e9c42311c6013304ff36b19ef73d12ea932054b5ad51df4f49d,125.0,db55da3fc3098e9c42311c6013304ff36b19ef73d12ea932054b5ad51df4f49d
2,125.0,db55da3fc3098e9c42311c6013304ff36b19ef73d12ea932054b5ad51df4f49d,124.0,3c15285c04fff40024bb8714b93e58178bf8d3bebe6943178e1c5412957b7aa1
2,124.0,3c15285c04fff40024bb8714b93e58178bf8d3bebe6943178e1c5412957b7aa1,123.0,3c15285c04fff40024bb8714b93e58178bf8d3bebe6943178e1c5412957b7aa1
2,123.0,3c15285c04fff40024bb8714b93e58178bf8d3bebe6943178e1c5412957b7aa1,122.0,28dae7c8bde2f3ca608f86d0e16a214dee74c74bee011cdfdd46bc04b655bc14
2,122.0,28dae7c8bde2f3ca608f86d0e16a214dee74c74bee011cdfdd46bc04b655bc14,121.0,28dae7c8bde2f3ca608f86d0e16a214dee74c74bee011cdfdd46bc04b655bc14
2,121.0,28dae7c8bde2f3ca608f86d0e16a214dee74c74bee011cdfdd46bc04b655bc14,120.0,5092c37bcbc9f0fb33cb0f9cab7aa5ae94ed0f1219773c380b143b7c1224d01b
2,120.0,5092c37bcbc9f0fb33cb0f9cab7aa5ae94ed0f1219773c380b143b7c1224d01b,119.0,5092c37bcbc9f0fb33cb0f9cab7aa5ae94ed0f1219773c380b143b7c1224d01b
2,119.0,5092c37bcbc9f0fb33cb0f9cab7aa5ae94ed0f1219773c380b143b7c1224d01b,118.0,8111eb1556229541d7d2720a51203037e78ee57fb2e407e0da4a805473dab7af
2,118.0,8111eb1556229541d7d2720a51203037e78ee57fb2e407e0da4a805473dab7af,117.0,8111eb1556229541d7d2720a51203037e78ee57fb2e407e0da4a805473dab7af
2,117.0,8111eb1556229541d7d2720a51203037e78ee57fb2e407e0da4a805473dab7af,116.0,114bd151f8fb0c58642d2170da4ae7d7c57977260ac2cc8905306cab6b2acabc
2,116.0,114bd151f8fb0c58642d2170da4ae7d7c57977260ac2cc8905306cab6b2acabc,115.0,114bd151f8fb0c58642d2170da4ae7d7c57977260ac2cc8905306cab6b2acabc
2,115.0,114bd151f8fb0c58642d2170da4ae7d7c57977260ac2cc8905306cab6b2acabc,114.0,35135aaa6cc23891b40cb3f378c53a17a1127210ce60e125ccf03efcfdaec458
2,114.0,35135aaa6cc23891b40cb3f378c53a17a1127210ce60e125ccf03efcfdaec458,113.0,8d27ba37c5d810106b55f3fd6cdb35842007e88754184bfc0e6035f9bcede633
2,113.0,8d27ba37c5d810106b55f3fd6cdb35842007e88754184bfc0e6035f9bcede633,112.0,7a61b53701befdae0eeeffaecc73f14e20b537bb0f8b91ad7c2936dc63562b25
2,112.0,7a61b53701befdae0eeeffaecc73f14e20b537bb0f8b91ad7c2936dc63562b25,111.0,7a61b53701befdae0eeeffaecc73f14e20b537bb0f8b91ad7c2936dc63562b25
3,198.0,27d719c754aacd492a6dc8a1b76619355abcf5ef473cbec02018d3c57ebbf0d5,196.0,27d719c754aacd492a6dc8a1b76619355abcf5ef473cbec02018d3c57ebbf0d5
3,196.0,27d719c754aacd492a6dc8a1b76619355abcf5ef473cbec02018d3c57ebbf0d5,134.0,ff2ccb6ba423d356bd549ed4bfb76e96976a0dcde05a09996a1cdb9f83422ec4
3,134.0,ff2ccb6ba423d356bd549ed4bfb76e96976a0dcde05a09996a1cdb9f83422ec4,126.0,ff2ccb6ba423d356bd549ed4bfb76e96976a0dcde05a09996a1cdb9f83422ec4
3,126.0,ff2ccb6ba423d356bd549ed4bfb76e96976a0dcde05a09996a1cdb9f83422ec4,125.0,dcaadad1cfce437735b81ab025f776e5857e48558c47f6960e6a5f2595664a85
3,125.0,dcaadad1cfce437735b81ab025f776e5857e48558c47f6960e6a5f2595664a85,124.0,dcaadad1cfce437735b81ab025f776e5857e48558c47f6960e6a5f2595664a85
3,124.0,dcaadad1cfce437735b81ab025f776e5857e48558c47f6960e6a5f2595664a85,123.0,44cb730c420480a0477b505ae68af508fb90f96cf0ec54c6ad16949dd427f13a
3,123.0,44cb730c420480a0477b505ae68af508fb90f96cf0ec54c6ad16949dd427f13a,122.0,44cb730c420480a0477b505ae68af508fb90f96cf0ec54c6ad16949dd427f13a
3,122.0,44cb730c420480a0477b505ae68af508fb90f96cf0ec54c6ad16949dd427f13a,121.0,52f14fc33ef45dd80ac2626077948f44d8d211d5f24bf9db333c9403968e634a
3,121.0,52f14fc33ef45dd80ac2626077948f44d8d211d5f24bf9db333c9403968e634a,120.0,52f14fc33ef45dd80ac2626077948f44d8d211d5f24bf9db333c9403968e634a
3,120.0,52f14fc33ef45dd80ac2626077948f44d8d211d5f24bf9db333c9403968e634a,119.0,4a44dc15364204a80fe80e9039455cc1608281820fe2b24f1e5233ade6af1dd5
3,119.0,4a44dc15364204a80fe80e9039455cc1608281820fe2b24f1e5233ade6af1dd5,118.0,4a44dc15364204a80fe80e9039455cc1608281820fe2b24f1e5233ade6af1dd5
3,118.0,4a44dc15364204a80fe80e9039455cc1608281820fe2b24f1e5233ade6af1dd5,117.0,d4ee9f58e5860574ca98e3b4839391e7a356328d4bd6afecefc2381df5f5b41b
3,117.0,d4ee9f58e5860574ca98e3b4839391e7a356328d4bd6afecefc2381df5f5b41b,116.0,d4ee9f58e5860574ca98e3b4839391e7a356328d4bd6afecefc2381df5f5b41b
3,116.0,d4ee9f58e5860574ca98e3b4839391e7a356328d4bd6afecefc2381df5f5b41b,115.0,4c15f47afe7f817fd559e12ddbc276f4930c5822f2049088d6f6605bec7cea56
3,115.0,4c15f47afe7f817fd559e12ddbc276f4930c5822f2049088d6f6605bec7cea56,114.0,4c15f47afe7f817fd559e12ddbc276f4930c5822f2049088d6f6605bec7cea56
3,114.0,4c15f47afe7f817fd559e12ddbc276f4930c5822f2049088d6f6605bec7cea56,113.0,c75de23d89df36ba921287616ee8edb4c986e328a78e033e57c1e5e2b59c838e
3,113.0,c75de23d89df36ba921287616ee8edb4c986e328a78e033e57c1e5e2b59c838e,112.0,c75de23d89df36ba921287616ee8edb4c986e328a78e033e57c1e5e2b59c838e
4,193.0,b1556dea32e9d0cdbfed038fd7787275775ea40939c146a64e205bcb349ad02f,132.0,b1556dea32e9d0cdbfed038fd7787275775ea40939c146a64e205bcb349ad02f
4,132.0,b1556dea32e9d0cdbfed038fd7787275775ea40939c146a64e205bcb349ad02f,130.0,0e6523810856a138a75dec70a9cf3778a5c70b83ac915f22c33f05db97cb3e68
4,130.0,0e6523810856a138a75dec70a9cf3778a5c70b83ac915f22c33f05db97cb3e68,129.0,0e6523810856a138a75dec70a9cf3778a5c70b83ac915f22c33f05db97cb3e68
4,129.0,0e6523810856a138a75dec70a9cf3778a5c70b83ac915f22c33f05db97cb3e68,128.0,a0d177b4967a6d99f4ff117defe1c0d23d4e78ca4630febcb948ee9e4520eff3
4,128.0,a0d177b4967a6d99f4ff117defe1c0d23d4e78ca4630febcb948ee9e4520eff3,127.0,a0d177b4967a6d99f4ff117defe1c0d23d4e78ca4630febcb948ee9e4520eff3
4,127.0,a0d177b4967a6d99f4ff117defe1c0d23d4e78ca4630febcb948ee9e4520eff3,126.0,6d976934be74941fba578b143ba964eded443d10384e3f3d62a1ba7b4d339df8
4,126.0,6d976934be74941fba578b143ba964eded443d10384e3f3d62a1ba7b4d339df8,125.0,6d976934be74941fba578b143ba964eded443d10384e3f3d62a1ba7b4d339df8
4,125.0,6d976934be74941fba578b143ba964eded443d10384e3f3d62a1ba7b4d339df8,124.0,2c624232cdd221771294dfbb310aca000a0df6ac8b66b696d90ef06fdefb64a3
4,124.0,2c624232cdd221771294dfbb310aca000a0df6ac8b66b696d90ef06fdefb64a3,123.0,2c624232cdd221771294dfbb310aca000a0df6ac8b66b696d90ef06fdefb64a3
4,123.0,2c624232cdd221771294dfbb310aca000a0df6ac8b66b696d90ef06fdefb64a3,122.0,37834f2f25762f23e1f74a531cbe445db73d6765ebe60878a7dfbecd7d4af6e1
4,122.0,37834f2f25762f23e1f74a531cbe445db73d6765ebe60878a7dfbecd7d4af6e1,121.0,37834f2f25762f23e1f74a531cbe445db73d6765ebe60878a7dfbecd7d4af6e1
4,121.0,37834f2f25762f23e1f74a531cbe445db73d6765ebe60878a7dfbecd7d4af6e1,120.0,7f2253d7e228b22a08bda1f09c516f6fead81df6536eb02fa991a34bb38d9be8
4,120.0,7f2253d7e228b22a08bda1f09c516f6fead81df6536eb02fa991a34bb38d9be8,119.0,7f2253d7e228b22a08bda1f09c516f6fead81df6536eb02fa991a34bb38d9be8
4,119.0,7f2253d7e228b22a08bda1f09c516f6fead81df6536eb02fa991a34bb38d9be8,118.0,6f4b6612125fb3a0daecd2799dfd6c9c299424fd920f9b308110a2c1fbd8f443
4,118.0,6f4b6612125fb3a0daecd2799dfd6c9c299424fd920f9b308110a2c1fbd8f443,117.0,6f4b6612125fb3a0daecd2799dfd6c9c299424fd920f9b308110a2c1fbd8f443
4,117.0,6f4b6612125fb3a0daecd2799dfd6c9c299424fd920f9b308110a2c1fbd8f443,116.0,03a3d955b8799a90f1ff5a39479fde8e618f8ca3282d5b187186f2cf361abd32
4,116.0,03a3d955b8799a90f1ff5a39479fde8e618f8ca3282d5b187186f2cf361abd32,115.0,03a3d955b8799a90f1ff5a39479fde8e618f8ca3282d5b187186f2cf361abd32
4,115.0,03a3d955b8799a90f1ff5a39479fde8e618f8ca3282d5b187186f2cf361abd32,114.0,16dc368a89b428b2485484313ba67a3912ca03f2b2b42429174a4f8b3dc84e44
4,114.0,16dc368a89b428b2485484313ba67a3912ca03f2b2b42429174a4f8b3dc84e44,113.0,16dc368a89b428b2485484313ba67a3912ca03f2b2b42429174a4f8b3dc84e44
4,113.0,16dc368a89b428b2485484313ba67a3912ca03f2b2b42429174a4f8b3dc84e44,112.0,48a1a756f2d83f1dc57bbf14052b70a6f40d0fceed6662812e34903a9fe90924
4,112.0,48a1a756f2d83f1dc57bbf14052b70a6f40d0fceed6662812e34903a9fe90924,111.0,d6061bbee6cf13bd73765faaea7cdd0af1323e4b125342ac346047f7c4bda1fc
4,111.0,d6061bbee6cf13bd73765faaea7cdd0af1323e4b125342ac346047f7c4bda1fc,110.0,093434a3ee9e0a010bb2c2aae06c2614dd24894062a1caf26718a01e175569b8
5,195.0,093434a3ee9e0a010bb2c2aae06c2614dd24894062a1caf26718a01e175569b8,136.0,766cb53c753baedac5dc782593e04694b3bae3aed057ac2ff98cc1aef6413137
5,136.0,766cb53c753baedac5dc782593e04694b3bae3aed057ac2ff98cc1aef6413137,135.0,766cb53c753baedac5dc782593e04694b3bae3aed057ac2ff98cc1aef6413137
5,135.0,766cb53c753baedac5dc782593e04694b3bae3aed057ac2ff98cc1aef6413137,134.0,02d20bbd7e394ad5999a4cebabac9619732c343a4cac99470c03e23ba2bdc2bc
5,134.0,02d20bbd7e394ad5999a4cebabac9619732c343a4cac99470c03e23ba2bdc2bc,132.0,02d20bbd7e394ad5999a4cebabac9619732c343a4cac99470c03e23ba2bdc2bc
5,132.0,02d20bbd7e394ad5999a4cebabac9619732c343a4cac99470c03e23ba2bdc2bc,130.0,c6f3ac57944a531490cd39902d0f777715fd005efac9a30622d5f5205e7f6894
5,130.0,c6f3ac57944a531490cd39902d0f777715fd005efac9a30622d5f5205e7f6894,129.0,c6f3ac57944a531490cd39902d0f777715fd005efac9a30622d5f5205e7f6894
5,129.0,c6f3ac57944a531490cd39902d0f777715fd005efac9a30622d5f5205e7f6894,128.0,0b918943df0962bc7a1824c0555a389347b4febdc7cf9d1254406d80ce44e3f9
5,128.0,0b918943df0962bc7a1824c0555a389347b4febdc7cf9d1254406d80ce44e3f9,127.0,0b918943df0962bc7a1824c0555a389347b4febdc7cf9d1254406d80ce44e3f9
5,127.0,0b918943df0962bc7a1824c0555a389347b4febdc7cf9d1254406d80ce44e3f9,126.0,1a6562590ef19d1045d06c4055742d38288e9e6dcd71ccde5cee80f1d5a774eb
5,126.0,1a6562590ef19d1045d06c4055742d38288e9e6dcd71ccde5cee80f1d5a774eb,125.0,1a6562590ef19d1045d06c4055742d38288e9e6dcd71ccde5cee80f1d5a774eb
5,125.0,1a6562590ef19d1045d06c4055742d38288e9e6dcd71ccde5cee80f1d5a774eb,124.0,48a1706eca5ee6148f748ca91a0f7db6ebcf59943532044a7bf60bbe44e5b1d2
5,124.0,48a1706eca5ee6148f748ca91a0f7db6ebcf59943532044a7bf60bbe44e5b1d2,123.0,48a1706eca5ee6148f748ca91a0f7db6ebcf59943532044a7bf60bbe44e5b1d2
5,123.0,48a1706eca5ee6148f748ca91a0f7db6ebcf59943532044a7bf60bbe44e5b1d2,122.0,73d3f1ba062585bce51f77d70a26be88c44b55d70f81b8bd7e2ded030ca4454a
5,122.0,73d3f1ba062585bce51f77d70a26be88c44b55d70f81b8bd7e2ded030ca4454a,121.0,73d3f1ba062585bce51f77d70a26be88c44b55d70f81b8bd7e2ded030ca4454a
5,121.0,73d3f1ba062585bce51f77d70a26be88c44b55d70f81b8bd7e2ded030ca4454a,120.0,9bdb2af6799204a299c603994b8e400e4b1fd625efdb74066cc869fee42c9df3
5,120.0,9bdb2af6799204a299c603994b8e400e4b1fd625efdb74066cc869fee42c9df3,119.0,9bdb2af6799204a299c603994b8e400e4b1fd625efdb74066cc869fee42c9df3
5,119.0,9bdb2af6799204a299c603994b8e400e4b1fd625efdb74066cc869fee42c9df3,118.0,a30f4ef42176d28f0e2293533c5f532e9c9c5696c68813b35315d17edc44f6b1
5,118.0,a30f4ef42176d28f0e2293533c5f532e9c9c5696c68813b35315d17edc44f6b1,117.0,a30f4ef42176d28f0e2293533c5f532e9c9c5696c68813b35315d17edc44f6b1
5,117.0,a30f4ef42176d28f0e2293533c5f532e9c9c5696c68813b35315d17edc44f6b1,116.0,392a52e4f77c40bf3321dc2feac356fac2a906a80c961748170af4ce2bce1e6a
5,116.0,392a52e4f77c40bf3321dc2feac356fac2a906a80c961748170af4ce2bce1e6a,115.0,392a52e4f77c40bf3321dc2feac356fac2a906a80c961748170af4ce2bce1e6a
5,115.0,392a52e4f77c40bf3321dc2feac356fac2a906a80c961748170af4ce2bce1e6a,114.0,8b940be7fb78aaa6b6567dd7a3987996947460df1c668e698eb92ca77e425349
5,114.0,8b940be7fb78aaa6b6567dd7a3987996947460df1c668e698eb92ca77e425349,113.0,8b940be7fb78aaa6b6567dd7a3987996947460df1c668e698eb92ca77e425349
5,113.0,8b940be7fb78aaa6b6567dd7a3987996947460df1c668e698eb92ca77e425349,112.0,26d228663f13a88592a12d16cf9587caab0388b262d6d9f126ed62f9333aca94
5,112.0,26d228663f13a88592a12d16cf9587caab0388b262d6d9f126ed62f9333aca94,111.0,26d228663f13a88592a12d16cf9587caab0388b262d6d9f126ed62f9333aca94
5,111.0,26d228663f13a88592a12d16cf9587caab0388b262d6d9f126ed62f9333aca94,110.0,39bb88f40d3aa2b2fe9dea67be27c74765db0ebb3ff3cf8fb779af6319fa2045
6,136.0,39bb88f40d3aa2b2fe9dea67be27c74765db0ebb3ff3cf8fb779af6319fa2045,130.0,684fe39f03758de6a882ae61fa62312b67e5b1e665928cbf3dc3d8f4f53e3562
6,130.0,684fe39f03758de6a882ae61fa62312b67e5b1e665928cbf3dc3d8f4f53e3562,129.0,684fe39f03758de6a882ae61fa62312b67e5b1e665928cbf3dc3d8f4f53e3562
6,129.0,684fe39f03758de6a882ae61fa62312b67e5b1e665928cbf3dc3d8f4f53e3562,128.0,138d9e809e386a7b800791d1f664f56d1c55f3d1ba411b950862729bc486c5ce
6,128.0,138d9e809e386a7b800791d1f664f56d1c55f3d1ba411b950862729bc486c5ce,127.0,138d9e809e386a7b800791d1f664f56d1c55f3d1ba411b950862729bc486c5ce
6,127.0,138d9e809e386a7b800791d1f664f56d1c55f3d1ba411b950862729bc486c5ce,126.0,535fa30d7e25dd8a49f1536779734ec8286108d115da5045d77f3b4185d8f790
6,126.0,535fa30d7e25dd8a49f1536779734ec8286108d115da5045d77f3b4185d8f790,125.0,535fa30d7e25dd8a49f1536779734ec8286108d115da5045d77f3b4185d8f790
6,125.0,535fa30d7e25dd8a49f1536779734ec8286108d115da5045d77f3b4185d8f790,124.0,6affdae3b3c1aa6aa7689e9b6a7b3225a636aa1ac0025f490cca1285ceaf1487
6,124.0,6affdae3b3c1aa6aa7689e9b6a7b3225a636aa1ac0025f490cca1285ceaf1487,123.0,9537f32ec7599e1ae953af6c9f929fe747ff9dadf79a9beff1f304c550173011
6,123.0,9537f32ec7599e1ae953af6c9f929fe747ff9dadf79a9beff1f304c550173011,122.0,d6f0c71ef0c88e45e4b3a2118fcb83b0def392d759c901e9d755d0e879028727
6,122.0,d6f0c71ef0c88e45e4b3a2118fcb83b0def392d759c901e9d755d0e879028727,121.0,d6f0c71ef0c88e45e4b3a2118fcb83b0def392d759c901e9d755d0e879028727
6,121.0,d6f0c71ef0c88e45e4b3a2118fcb83b0def392d759c901e9d755d0e879028727,120.0,fa2b7af0a811b9acde602aacb78e3638e8506dfead5fe6c3425b10b526f94bdd
6,120.0,fa2b7af0a811b9acde602aacb78e3638e8506dfead5fe6c3425b10b526f94bdd,119.0,fa2b7af0a811b9acde602aacb78e3638e8506dfead5fe6c3425b10b526f94bdd
6,119.0,fa2b7af0a811b9acde602aacb78e3638e8506dfead5fe6c3425b10b526f94bdd,118.0,fabf5b7fedb3e62a81c9298b19706249ee128011bf9d94867681020c16f8b741
6,118.0,fabf5b7fedb3e62a81c9298b19706249ee128011bf9d94867681020c16f8b741,117.0,fabf5b7fedb3e62a81c9298b19706249ee128011bf9d94867681020c16f8b741
6,117.0,fabf5b7fedb3e62a81c9298b19706249ee128011bf9d94867681020c16f8b741,116.0,8bd9c0d453533757387ed019c45617cdc440ba680a67b1a101c85b998ef715c0
6,116.0,8bd9c0d453533757387ed019c45617cdc440ba680a67b1a101c85b998ef715c0,115.0,8bd9c0d453533757387ed019c45617cdc440ba680a67b1a101c85b998ef715c0
6,115.0,8bd9c0d453533757387ed019c45617cdc440ba680a67b1a101c85b998ef715c0,114.0,da4ea2a5506f2693eae190d9360a1f31793c98a1adade51d93533a6f520ace1c
6,114.0,da4ea2a5506f2693eae190d9360a1f31793c98a1adade51d93533a6f520ace1c,113.0,da4ea2a5506f2693eae190d9360a1f31793c98a1adade51d93533a6f520ace1c
6,113.0,da4ea2a5506f2693eae190d9360a1f31793c98a1adade51d93533a6f520ace1c,112.0,e0850a775c17a87060c0cf6efad1020e0cbef5a44ba942bef6add5776598de53
6,112.0,e0850a775c17a87060c0cf6efad1020e0cbef5a44ba942bef6add5776598de53,111.0,e0850a775c17a87060c0cf6efad1020e0cbef5a44ba942bef6add5776598de53
7,197.0,1c6c0bb2c7ecdc3be8e134f79b9de45155258c1f554ae7542dce48f5cc8d63f0,133.0,1c6c0bb2c7ecdc3be8e134f79b9de45155258c1f554ae7542dce48f5cc8d63f0
7,133.0,1c6c0bb2c7ecdc3be8e134f79b9de45155258c1f554ae7542dce48f5cc8d63f0,130.0,dbb1ded63bc70732626c5dfe6c7f50ced3d560e970f30b15335ac290358748f6
7,130.0,dbb1ded63bc70732626c5dfe6c7f50ced3d560e970f30b15335ac290358748f6,129.0,dbb1ded63bc70732626c5dfe6c7f50ced3d560e970f30b15335ac290358748f6
7,129.0,dbb1ded63bc70732626c5dfe6c7f50ced3d560e970f30b15335ac290358748f6,128.0,0f4121d0ef1df4c86854c7ebb47ae1c93de8aec8f944035eeaa6495dd71a0678
7,128.0,0f4121d0ef1df4c86854c7ebb47ae1c93de8aec8f944035eeaa6495dd71a0678,127.0,0f4121d0ef1df4c86854c7ebb47ae1c93de8aec8f944035eeaa6495dd71a0678
7,127.0,0f4121d0ef1df4c86854c7ebb47ae1c93de8aec8f944035eeaa6495dd71a0678,126.0,2ac878b0e2180616993b4b6aa71e61166fdc86c28d47e359d0ee537eb11d46d3
7,126.0,2ac878b0e2180616993b4b6aa71e61166fdc86c28d47e359d0ee537eb11d46d3,125.0,2ac878b0e2180616993b4b6aa71e61166fdc86c28d47e359d0ee537eb11d46d3
7,125.0,2ac878b0e2180616993b4b6aa71e61166fdc86c28d47e359d0ee537eb11d46d3,124.0,56f4da26ed956730309fa1488611ee0f13b0ac95ebb1bc9b5d210e31ff70e79c
7,124.0,56f4da26ed956730309fa1488611ee0f13b0ac95ebb1bc9b5d210e31ff70e79c,123.0,56f4da26ed956730309fa1488611ee0f13b0ac95ebb1bc9b5d210e31ff70e79c
7,123.0,56f4da26ed956730309fa1488611ee0f13b0ac95ebb1bc9b5d210e31ff70e79c,122.0,3d3286f7cd19074f04e514b0c6c237e757513fb32820698b790e1dec801d947a
7,122.0,3d3286f7cd19074f04e514b0c6c237e757513fb32820698b790e1dec801d947a,121.0,3d3286f7cd19074f04e514b0c6c237e757513fb32820698b790e1dec801d947a
7,121.0,3d3286f7cd19074f04e514b0c6c237e757513fb32820698b790e1dec801d947a,120.0,a934c244755c66aebb0d6f9f5687038ffae8f00b00b28b4e17521016393f38b9
7,120.0,a934c244755c66aebb0d6f9f5687038ffae8f00b00b28b4e17521016393f38b9,119.0,a934c244755c66aebb0d6f9f5687038ffae8f00b00b28b4e17521016393f38b9
7,119.0,a934c244755c66aebb0d6f9f5687038ffae8f00b00b28b4e17521016393f38b9,118.0,e6f47e008cc58b38596e6fdf2f50a0fea93fd10543e652522aeab3aa71355719
7,118.0,e6f47e008cc58b38596e6fdf2f50a0fea93fd10543e652522aeab3aa71355719,117.0,e6f47e008cc58b38596e6fdf2f50a0fea93fd10543e652522aeab3aa71355719
7,117.0,e6f47e008cc58b38596e6fdf2f50a0fea93fd10543e652522aeab3aa71355719,116.0,482d9673cfee5de391f97fde4d1c84f9f8d6f2cf0784fcffb958b4032de7236c
7,116.0,482d9673cfee5de391f97fde4d1c84f9f8d6f2cf0784fcffb958b4032de7236c,115.0,482d9673cfee5de391f97fde4d1c84f9f8d6f2cf0784fcffb958b4032de7236c
7,115.0,482d9673cfee5de391f97fde4d1c84f9f8d6f2cf0784fcffb958b4032de7236c,114.0,9cfd3c755be26b4e1645918e2a64a26e3d851ede421e0b257f783b443bc443d1
7,114.0,9cfd3c755be26b4e1645918e2a64a26e3d851ede421e0b257f783b443bc443d1,113.0,9cfd3c755be26b4e1645918e2a64a26e3d851ede421e0b257f783b443bc443d1
7,113.0,9cfd3c755be26b4e1645918e2a64a26e3d851ede421e0b257f783b443bc443d1,112.0,4621c1d55fa4e86ce0dae4288302641baac86dd53f76227c892df9d300682d41
8,132.0,4621c1d55fa4e86ce0dae4288302641baac86dd53f76227c892df9d300682d41,129.0,ef2d127de37b942baad06145e54b0c619a1f22327b2ebbcfbec78f5564afe39d
8,129.0,ef2d127de37b942baad06145e54b0c619a1f22327b2ebbcfbec78f5564afe39d,128.0,ef2d127de37b942baad06145e54b0c619a1f22327b2ebbcfbec78f5564afe39d
8,128.0,ef2d127de37b942baad06145e54b0c619a1f22327b2ebbcfbec78f5564afe39d,127.0,396f804443825586c1283a27fdcadf74abb82008bcd9b260a30912a26563f27d
8,127.0,396f804443825586c1283a27fdcadf74abb82008bcd9b260a30912a26563f27d,126.0,396f804443825586c1283a27fdcadf74abb82008bcd9b260a30912a26563f27d
8,126.0,396f804443825586c1283a27fdcadf74abb82008bcd9b260a30912a26563f27d,125.0,0788979fc9366e21cd56311511b897a222cf91711481bcd7dc837eac2172d087
8,125.0,0788979fc9366e21cd56311511b897a222cf91711481bcd7dc837eac2172d087,124.0,0788979fc9366e21cd56311511b897a222cf91711481bcd7dc837eac2172d087
8,124.0,0788979fc9366e21cd56311511b897a222cf91711481bcd7dc837eac2172d087,123.0,62a0eae98b9fc0bd0ad941ae07ae5e2af545a64c8ddc43407bdfe6ae82addb4c
8,123.0,62a0eae98b9fc0bd0ad941ae07ae5e2af545a64c8ddc43407bdfe6ae82addb4c,122.0,62a0eae98b9fc0bd0ad941ae07ae5e2af545a64c8ddc43407bdfe6ae82addb4c
8,122.0,62a0eae98b9fc0bd0ad941ae07ae5e2af545a64c8ddc43407bdfe6ae82addb4c,121.0,7b1a278f5abe8e9da907fc9c29dfd432d60dc76e17b0fabab659d2a508bc65c4
8,121.0,7b1a278f5abe8e9da907fc9c29dfd432d60dc76e17b0fabab659d2a508bc65c4,120.0,7b1a278f5abe8e9da907fc9c29dfd432d60dc76e17b0fabab659d2a508bc65c4
8,120.0,7b1a278f5abe8e9da907fc9c29dfd432d60dc76e17b0fabab659d2a508bc65c4,119.0,27e1615212f3c6ea846ed6c412df1361ce97f006ee20bb5aa2483a3b61d5cadd
8,119.0,27e1615212f3c6ea846ed6c412df1361ce97f006ee20bb5aa2483a3b61d5cadd,118.0,7c252ab334fb8fd88e8242c4972c21db9c7ce0b47c9acc4ebfe40c14614cb734
8,118.0,7c252ab334fb8fd88e8242c4972c21db9c7ce0b47c9acc4ebfe40c14614cb734,117.0,89aa1e580023722db67646e8149eb246c748e180e34a1cf679ab0b41a416d904
8,117.0,89aa1e580023722db67646e8149eb246c748e180e34a1cf679ab0b41a416d904,116.0,89aa1e580023722db67646e8149eb246c748e180e34a1cf679ab0b41a416d904
8,116.0,89aa1e580023722db67646e8149eb246c748e180e34a1cf679ab0b41a416d904,115.0,9f484139a27415ae2e8612bf6c65a8101a18eb5e9b7809e74ca63a45a65f17f4
8,115.0,9f484139a27415ae2e8612bf6c65a8101a18eb5e9b7809e74ca63a45a65f17f4,114.0,9f484139a27415ae2e8612bf6c65a8101a18eb5e9b7809e74ca63a45a65f17f4
8,114.0,9f484139a27415ae2e8612bf6c65a8101a18eb5e9b7809e74ca63a45a65f17f4,113.0,41cfc0d1f2d127b04555b7246d84019b4d27710a3f3aff6e7764375b1e06e05d
8,113.0,41cfc0d1f2d127b04555b7246d84019b4d27710a3f3aff6e7764375b1e06e05d,112.0,41cfc0d1f2d127b04555b7246d84019b4d27710a3f3aff6e7764375b1e06e05d
8,112.0,41cfc0d1f2d127b04555b7246d84019b4d27710a3f3aff6e7764375b1e06e05d,111.0,314f04b30f62e0056bd059354a5536fb2e302107eed143b5fa2aa0bbba07f608
9,132.0,314f04b30f62e0056bd059354a5536fb2e302107eed143b5fa2aa0bbba07f608,130.0,6ea2fdb3399f4d2e806beb01e9a3371bd622bed6a409acf3151818d738c370ec
9,130.0,6ea2fdb3399f4d2e806beb01e9a3371bd622bed6a409acf3151818d738c370ec,129.0,6ea2fdb3399f4d2e806beb01e9a3371bd622bed6a409acf3151818d738c370ec
9,129.0,6ea2fdb3399f4d2e806beb01e9a3371bd622bed6a409acf3151818d738c370ec,128.0,06b2d82840e43ed8432b3f444de18b57dbe60637c99379c708aa8e66de83dbc1
9,128.0,06b2d82840e43ed8432b3f444de18b57dbe60637c99379c708aa8e66de83dbc1,127.0,06b2d82840e43ed8432b3f444de18b57dbe60637c99379c708aa8e66de83dbc1
9,127.0,06b2d82840e43ed8432b3f444de18b57dbe60637c99379c708aa8e66de83dbc1,126.0,2811745d7b8d8874f6e653d176cefdd19e05e920ce389b9b7e83e5b2dfa546c7
9,126.0,2811745d7b8d8874f6e653d176cefdd19e05e920ce389b9b7e83e5b2dfa546c7,125.0,2811745d7b8d8874f6e653d176cefdd19e05e920ce389b9b7e83e5b2dfa546c7
9,125.0,2811745d7b8d8874f6e653d176cefdd19e05e920ce389b9b7e83e5b2dfa546c7,124.0,303c8bd55875dda240897db158acf70afe4226f300757f3518b86e6817c00022
9,124.0,303c8bd55875dda240897db158acf70afe4226f300757f3518b86e6817c00022,123.0,303c8bd55875dda240897db158acf70afe4226f300757f3518b86e6817c00022
9,123.0,303c8bd55875dda240897db158acf70afe4226f300757f3518b86e6817c00022,122.0,8527a891e224136950ff32ca212b45bc93f69fbb801c3b1ebedac52775f99e61
9,122.0,8527a891e224136950ff32ca212b45bc93f69fbb801c3b1ebedac52775f99e61,121.0,8527a891e224136950ff32ca212b45bc93f69fbb801c3b1ebedac52775f99e61
9,121.0,8527a891e224136950ff32ca212b45bc93f69fbb801c3b1ebedac52775f99e61,120.0,580811fa95269f3ecd4f22d176e079d36093573680b6ef66fa341e687a15b5da
9,120.0,580811fa95269f3ecd4f22d176e079d36093573680b6ef66fa341e687a15b5da,119.0,580811fa95269f3ecd4f22d176e079d36093573680b6ef66fa341e687a15b5da
9,119.0,580811fa95269f3ecd4f22d176e079d36093573680b6ef66fa341e687a15b5da,118.0,e629fa6598d732768f7c726b4b621285f9c3b85303900aa912017db7617d8bdb
9,118.0,e629fa6598d732768f7c726b4b621285f9c3b85303900aa912017db7617d8bdb,117.0,e629fa6598d732768f7c726b4b621285f9c3b85303900aa912017db7617d8bdb
9,117.0,e629fa6598d732768f7c726b4b621285f9c3b85303900aa912017db7617d8bdb,116.0,2ab0ce7632a611e907a40710ff46da13c5ba832f5a402c6f51e15f53d6e8fa0e
9,116.0,2ab0ce7632a611e907a40710ff46da13c5ba832f5a402c6f51e15f53d6e8fa0e,115.0,2ab0ce7632a611e907a40710ff46da13c5ba832f5a402c6f51e15f53d6e8fa0e
9,115.0,2ab0ce7632a611e907a40710ff46da13c5ba832f5a402c6f51e15f53d6e8fa0e,114.0,3e1e967e9b793e908f8eae83c74dba9bcccce6a5535b4b462bd9994537bfe15c
9,114.0,3e1e967e9b793e908f8eae83c74dba9bcccce6a5535b4b462bd9994537bfe15c,113.0,3e1e967e9b793e908f8eae83c74dba9bcccce6a5535b4b462bd9994537bfe15c
9,113.0,3e1e967e9b793e908f8eae83c74dba9bcccce6a5535b4b462bd9994537bfe15c,112.0,41e521adf8ae7a0f419ee06e1d9fb794162369237b46f64bf5b2b9969b0bcd2e
10,131.0,41e521adf8ae7a0f419ee06e1d9fb794162369237b46f64bf5b2b9969b0bcd2e,128.0,d6d824abba4afde81129c71dea75b8100e96338da5f416d2f69088f1960cb091
10,128.0,d6d824abba4afde81129c71dea75b8100e96338da5f416d2f69088f1960cb091,127.0,d6d824abba4afde81129c71dea75b8100e96338da5f416d2f69088f1960cb091
10,127.0,d6d824abba4afde81129c71dea75b8100e96338da5f416d2f69088f1960cb091,126.0,5ec1a0c99d428601ce42b407ae9c675e0836a8ba591c8ca6e2a2cf5563d97ff0
10,126.0,5ec1a0c99d428601ce42b407ae9c675e0836a8ba591c8ca6e2a2cf5563d97ff0,125.0,5ec1a0c99d428601ce42b407ae9c675e0836a8ba591c8ca6e2a2cf5563d97ff0
10,125.0,5ec1a0c99d428601ce42b407ae9c675e0836a8ba591c8ca6e2a2cf5563d97ff0,124.0,73475cb40a568e8da8a045ced110137e159f890ac4da883b6b17dc651b3a8049
10,124.0,73475cb40a568e8da8a045ced110137e159f890ac4da883b6b17dc651b3a8049,123.0,73475cb40a568e8da8a045ced110137e159f890ac4da883b6b17dc651b3a8049
10,123.0,73475cb40a568e8da8a045ced110137e159f890ac4da883b6b17dc651b3a8049,122.0,33512007840ced1bb0aab68f47cb5f702abd494a15f26bcbe26a1e47af03d841
10,122.0,33512007840ced1bb0aab68f47cb5f702abd494a15f26bcbe26a1e47af03d841,121.0,33512007840ced1bb0aab68f47cb5f702abd494a15f26bcbe26a1e47af03d841
10,121.0,33512007840ced1bb0aab68f47cb5f702abd494a15f26bcbe26a1e47af03d841,120.0,9f14025af0065b30e47e23ebb3b491d39ae8ed17d33739e5ff3827ffb3634953
10,120.0,9f14025af0065b30e47e23ebb3b491d39ae8ed17d33739e5ff3827ffb3634953,119.0,9f14025af0065b30e47e23ebb3b491d39ae8ed17d33739e5ff3827ffb3634953
10,119.0,9f14025af0065b30e47e23ebb3b491d39ae8ed17d33739e5ff3827ffb3634953,118.0,9ae2bdd7beedc2e766c6b76585530e16925115707dc7a06ab5ee4aa2776b2c7b
10,118.0,9ae2bdd7beedc2e766c6b76585530e16925115707dc7a06ab5ee4aa2776b2c7b,117.0,9ae2bdd7beedc2e766c6b76585530e16925115707dc7a06ab5ee4aa2776b2c7b
10,117.0,9ae2bdd7beedc2e766c6b76585530e16925115707dc7a06ab5ee4aa2776b2c7b,116.0,af180e4359fc6179dc953abdcbdcaf7c146b53e1bee2b335e50dead11ccefa07
10,116.0,af180e4359fc6179dc953abdcbdcaf7c146b53e1bee2b335e50dead11ccefa07,115.0,af180e4359fc6179dc953abdcbdcaf7c146b53e1bee2b335e50dead11ccefa07
10,115.0,af180e4359fc6179dc953abdcbdcaf7c146b53e1bee2b335e50dead11ccefa07,114.0,0fecf9247f3ddc84db8a804fa3065c013baf6b7c2458c2ba2bf56c2e1d42ddd4
10,114.0,0fecf9247f3ddc84db8a804fa3065c013baf6b7c2458c2ba2bf56c2e1d42ddd4,113.0,0fecf9247f3ddc84db8a804fa3065c013baf6b7c2458c2ba2bf56c2e1d42ddd4
10,113.0,0fecf9247f3ddc84db8a804fa3065c013baf6b7c2458c2ba2bf56c2e1d42ddd4,112.0,922c7954216ccfe7a61def609305ce1dc7c67e225f873f256d30d7a8ee4f404c
10,112.0,922c7954216ccfe7a61def609305ce1dc7c67e225f873f256d30d7a8ee4f404c,111.0,922c7954216ccfe7a61def609305ce1dc7c67e225f873f256d30d7a8ee4f404c
